31844059221898696
8218714309
8218714311
8218714312
8218714314
8218714316
8218714320
8218714329
8218714331
8218714332
8218714333
8218714335
8218714337
8218714338
8218714339
8218714340
8218714342
8218714345
8218714347
8218714348
8218714350
8218714352
8218714353
8218714354
8218714355
8218714356
8218714357
8218714358
8218714359
8218714360
8218714362
8218714363
8218714364
8218714366
8218714367
8218714369
8218714370
8218714372
8218714374
8218714376
8218714378
8218714379
8218714380
8218714382
8218714383
8218714389
